5
1
2
1 1 8 3 0 -1
5 1 4 3 0 2
haar_x2
1.679597e-002 0 -1
-6.190477e-001 5.545025e-001 
1
2
10 7 8 2 0 -1
10 7 4 2 0 2
haar_x2
4.137360e-003 0 -1
-7.298191e-001 2.574018e-001 
1
2
2 7 18 4 0 -1
2 9 18 2 0 2
haar_y2
3.861364e-002 0 -1
-6.867014e-001 4.198043e-001 
1
2
10 6 6 5 0 -1
10 6 3 5 0 2
haar_x2
2.066156e-002 0 -1
-1.325838e-001 3.648181e-001 
1
2
7 6 8 6 0 -1
11 6 4 6 0 2
haar_x2
2.895431e-002 0 -1
-6.378928e-001 4.589694e-001 
-7.219617e-001

9
-1
