7
1
3
6 18 4 6 0 -1
6 18 2 3 0 2
8 21 2 3 0 2
haar_x2_y2
2.012864e-003 0 -1
-7.023810e-001 5.086209e-001 
1
2
11 8 6 2 0 -1
11 9 6 1 0 2
haar_y2
2.037444e-003 0 -1
-6.665417e-001 3.693561e-001 
1
3
3 7 4 8 0 -1
3 7 2 4 0 2
5 11 2 4 0 2
haar_x2_y2
3.832721e-003 0 -1
-7.964449e-001 3.591786e-001 
1
2
20 1 4 16 0 -1
21 1 2 16 0 2
haar_x4
-3.323402e-002 0 -1
8.680556e-001 -2.377535e-001 
1
2
3 6 10 12 0 -1
3 9 10 6 0 2
haar_y4
3.623533e-002 0 -1
-8.567010e-001 3.863631e-001 
1
2
21 5 3 10 0 -1
22 5 1 10 0 3
haar_x3
-7.800195e-003 0 -1
4.031537e-001 -2.860249e-001 
1
2
0 5 3 10 0 -1
1 5 1 10 0 3
haar_x3
-1.822571e-002 0 -1
9.043363e-001 -3.647081e-001 
-1.511868e+000

7
-1
