7
1
2
12 1 12 2 0 -1
16 5 4 2 0 3
tilted_haar_x3
-4.824325e-002 0 -1
6.622223e-001 -8.514287e-001 
1
2
20 0 4 17 0 -1
21 0 2 17 0 2
haar_x4
-1.841039e-002 0 -1
8.525783e-001 -3.754097e-001 
1
2
0 0 24 5 0 -1
6 0 12 5 0 2
haar_x4
8.363436e-002 0 -1
-5.552131e-001 7.891608e-001 
1
2
19 6 4 4 0 -1
20 7 2 4 0 2
tilted_haar_y4
9.783503e-003 0 -1
-1.167729e-001 3.977907e-001 
1
2
5 6 4 4 0 -1
4 7 4 2 0 2
tilted_haar_y4
9.000256e-003 0 -1
-7.084190e-001 5.842544e-001 
1
2
20 0 4 18 0 -1
21 0 2 18 0 2
haar_x4
-2.975094e-002 0 -1
8.306111e-001 -1.194718e-001 
1
2
5 11 5 3 0 -1
5 12 5 1 0 3
haar_y3
-5.106714e-004 0 -1
-9.552327e-001 4.087889e-001 
-1.025253e+000

4
-1
