9
1
3
2 0 8 8 0 -1
2 0 4 4 0 2
6 4 4 4 0 2
haar_x2_y2
-1.777823e-002 0 -1
5.107297e-001 -7.125751e-001 
1
2
11 5 6 11 0 -1
13 5 2 11 0 3
haar_x3
2.128672e-002 0 -1
-1.644575e-001 3.215676e-001 
1
2
11 10 10 4 0 -1
10 11 10 2 0 2
tilted_haar_y4
-5.481810e-003 0 -1
5.174628e-001 -5.982497e-001 
1
2
12 6 2 2 0 -1
12 6 1 2 0 2
haar_x2
6.872403e-004 0 -1
-3.647140e-001 3.661274e-001 
1
3
4 19 8 4 0 -1
4 19 4 2 0 2
8 21 4 2 0 2
haar_x2_y2
4.965337e-003 0 -1
-4.388333e-001 7.314200e-001 
1
2
16 0 3 1 0 -1
17 1 1 1 0 3
tilted_haar_y3
-2.504637e-003 0 -1
-9.873759e-001 1.604905e-001 
1
2
3 11 16 11 0 -1
7 11 8 11 0 2
haar_x4
-5.343075e-003 0 -1
4.686952e-001 -5.812899e-001 
1
2
18 0 4 8 0 -1
18 0 2 8 0 2
haar_x2
4.555727e-003 0 -1
-4.931901e-001 4.009673e-001 
1
2
5 12 1 3 0 -1
5 13 1 1 0 3
haar_y3
-2.909233e-004 0 -1
-8.460346e-001 3.900379e-001 
-1.422598e+000

8
-1
