9
1
2
0 1 24 2 0 -1
6 1 12 2 0 2
haar_x4
4.225523e-002 0 -1
-5.855856e-001 7.303373e-001 
1
2
17 11 1 12 0 -1
14 14 1 6 0 2
tilted_haar_x4
-3.804833e-003 0 -1
4.107581e-001 -5.088708e-001 
1
2
8 6 6 4 0 -1
11 6 3 4 0 2
haar_x2
1.401381e-002 0 -1
-7.971283e-001 4.276397e-001 
1
2
12 1 2 12 0 -1
8 5 2 4 0 3
tilted_haar_x3
1.511887e-002 0 -1
6.538890e-002 -9.341151e-001 
1
2
0 0 4 19 0 -1
1 0 2 19 0 2
haar_x4
-1.570740e-002 0 -1
5.573658e-001 -6.876103e-001 
1
2
12 1 2 12 0 -1
8 5 2 4 0 3
tilted_haar_x3
-6.888694e-002 0 -1
3.535098e-001 -1.714251e-001 
1
2
12 1 12 2 0 -1
16 5 4 2 0 3
tilted_haar_x3
-3.479352e-002 0 -1
3.665544e-001 -8.918360e-001 
1
2
15 22 6 1 0 -1
15 22 3 1 0 2
haar_x2
4.218650e-003 0 -1
-2.809038e-001 4.949131e-001 
1
2
5 21 8 2 0 -1
7 21 4 2 0 2
haar_x4
2.126699e-005 0 -1
-6.860400e-001 5.083182e-001 
-1.205256e+000

5
-1
