7
1
2
7 16 3 4 0 -1
7 18 3 2 0 2
haar_y2
-2.589064e-003 0 -1
4.545455e-001 -6.213020e-001 
1
2
13 1 1 12 0 -1
9 5 1 4 0 3
tilted_haar_x3
-4.188832e-002 0 -1
2.294129e-001 -1.635564e-001 
1
2
4 10 1 2 0 -1
4 10 1 1 0 2
tilted_haar_y2
3.056970e-004 0 -1
-7.371531e-001 3.561600e-001 
1
2
18 17 6 5 0 -1
18 17 3 5 0 2
haar_x2
-2.929187e-002 0 -1
9.271936e-001 -2.280725e-001 
1
2
0 0 24 3 0 -1
6 0 12 3 0 2
haar_x4
7.841622e-002 0 -1
-4.235561e-001 6.791852e-001 
1
2
6 9 14 6 0 -1
6 11 14 2 0 3
haar_y3
2.095486e-002 0 -1
-5.969438e-001 3.606488e-001 
1
3
1 4 2 20 0 -1
1 4 1 10 0 2
2 14 1 10 0 2
haar_x2_y2
-9.287097e-003 0 -1
6.626283e-001 -4.385382e-001 
-1.158217e+000

10
-1
