7
1
2
0 2 4 19 0 -1
1 2 2 19 0 2
haar_x4
-2.011327e-002 0 -1
5.317073e-001 -5.589746e-001 
1
2
13 11 4 5 0 -1
14 12 2 5 0 2
tilted_haar_y4
1.947799e-002 0 -1
3.893983e-002 -8.527383e-001 
1
2
11 11 5 4 0 -1
10 12 5 2 0 2
tilted_haar_y4
-4.386980e-003 0 -1
5.223816e-001 -5.105244e-001 
1
2
9 1 6 1 0 -1
11 1 2 1 0 3
haar_x3
2.312919e-003 0 -1
2.826903e-001 -9.587114e-001 
1
3
2 7 6 6 0 -1
2 7 3 3 0 2
5 10 3 3 0 2
haar_x2_y2
6.481188e-003 0 -1
-8.146321e-001 2.530107e-001 
1
3
4 10 18 2 0 -1
13 10 9 1 0 2
4 11 9 1 0 2
haar_x2_y2
-4.049793e-003 0 -1
-8.799796e-001 1.761400e-001 
1
2
4 12 1 4 0 -1
4 14 1 2 0 2
haar_y2
-2.132599e-005 0 -1
2.170999e-001 -8.941550e-001 
-1.157738e+000

12
-1
