7
1
2
1 1 4 7 0 -1
3 1 2 7 0 2
haar_x2
1.570687e-002 0 -1
-4.690266e-001 6.091956e-001 
1
2
13 4 8 4 0 -1
13 4 8 2 0 2
tilted_haar_x2
1.829338e-002 0 -1
6.180457e-002 -7.234675e-001 
1
2
10 1 2 8 0 -1
11 1 1 8 0 2
haar_x2
2.824663e-003 0 -1
-5.629068e-001 4.504723e-001 
1
2
1 1 22 2 0 -1
1 2 22 1 0 2
haar_y2
5.754009e-004 0 -1
-5.525501e-001 4.268625e-001 
1
2
4 15 2 2 0 -1
4 16 2 1 0 2
haar_y2
1.723289e-004 0 -1
2.849379e-001 -8.449206e-001 
1
2
13 1 1 12 0 -1
10 4 1 6 0 2
tilted_haar_x4
-2.353191e-002 0 -1
2.229807e-001 -2.744469e-001 
1
2
11 1 12 1 0 -1
14 4 6 1 0 2
tilted_haar_x4
-1.348593e-002 0 -1
2.655175e-001 -8.357416e-001 
-1.140410e+000

11
-1
