7
1
2
4 17 14 4 0 -1
4 18 14 2 0 2
haar_y4
-1.253148e-002 0 -1
7.446809e-001 -4.054055e-001 
1
2
20 2 3 8 0 -1
20 6 3 4 0 2
haar_y2
7.992817e-003 0 -1
-4.055202e-001 5.028110e-001 
1
2
6 1 13 6 0 -1
4 3 13 2 0 3
tilted_haar_y3
-2.455399e-003 0 -1
2.748585e-001 -8.673751e-001 
1
2
13 1 1 12 0 -1
9 5 1 4 0 3
tilted_haar_x3
-5.096527e-003 0 -1
1.992489e-002 -6.346493e-001 
1
3
2 8 20 6 0 -1
2 8 10 3 0 2
12 11 10 3 0 2
haar_x2_y2
-2.390765e-002 0 -1
-8.827803e-001 2.924005e-001 
1
2
12 7 1 9 0 -1
9 10 1 3 0 3
tilted_haar_x3
2.004140e-002 0 -1
2.948063e-002 -5.414418e-001 
1
3
2 1 18 6 0 -1
2 1 9 3 0 2
11 4 9 3 0 2
haar_x2_y2
4.410750e-003 0 -1
3.796319e-001 -6.574017e-001 
-9.898101e-001

13
-1
