5
1
2
0 0 4 10 0 -1
1 0 2 10 0 2
haar_x4
-1.848800e-002 0 -1
7.831326e-001 -5.555557e-001 
1
2
3 3 18 21 0 -1
3 10 18 7 0 3
haar_y3
1.518097e-001 0 -1
-8.861253e-001 4.653803e-001 
1
2
6 5 12 7 0 -1
9 5 6 7 0 2
haar_x4
4.079410e-002 0 -1
-7.606995e-001 4.595457e-001 
1
2
18 8 3 6 0 -1
18 10 3 2 0 3
haar_y3
4.895754e-003 0 -1
-4.965899e-001 3.588113e-001 
1
2
9 1 6 4 0 -1
9 1 6 2 0 2
tilted_haar_y2
1.850466e-002 0 -1
-8.094453e-001 3.518373e-001 
-9.956275e-001

6
-1
